594.2
0
0
462.96
249.68
0
334.3
159.21
0
222.37
0
0
278.38
147.75
0
338.24
98.0
0
0
0
0
0
0
0
0
0
0
||27/07/2022:::01:07:29||
398.21
220.48
0
772.12
0.0
0
468.06
0
0
219.37
0
0
433.52
0.0
0
360.24
104.86
0
0
0
0
0
0
0
0
0
0
||07/08/2022:::18:47:33||
371.43
139.3
0
636.63
159.0
0
458.06
0
0
215.93
0
0
202.61
154.5
0
400.09
0.0
0
0
0
0
0
0
0
0
0
0
||16/08/2022:::01:34:53||
325.16
175.16
0
709.71
106.4
0
468.56
0
0
233.12
0
0
350.61
24
0
260.53
105.0
0
0
0
0
0
0
0
0
0
0
||22/08/2022:::21:52:35||
304.12
175.16
0
711.83
108.9
0
475.23
0
0
213.3
0
0
394.09
24
0
271.23
105.0
0
0
0
0
0
0
0
0
0
0
||29/08/2022:::23:13:04||
293.11
191.16
0
748.53
58
0
472.23
0
0
165.41
0
0
413.7
25.45
0
367.38
0
0
0
0
0
0
0
0
0
0
0
||05/09/2022:::21:07:39||
282.18
235.41
0
697.94
120.89
0
462.23
0
0
69.2
0
0
403.7
25.45
0
294.77
41.0
0
425.08
0
0
0
0
0
0
0
0
||12/09/2022:::04:18:20||
291.92
237.83
0
725.66
64.04
0
452.23
0
0
115.0
0
0
393.7
25.45
0
300.02
42.96
0
502.15
0
0
438.79
0
0
0
0
0
||18/09/2022:::21:29:29||
315.8
271.28
0
828.66
0
0
442.23
0
0
91.45
0
0
383.7
25.45
0
295.78
33
0
499.3
0
0
442.02
0
0
0
0
0
||03/10/2022:::21:13:37||
427.25
228.86
0
835.46
148.92
0
432.23
0
0
81.34
0
0
373.7
25.45
0
357.8
0.0
0
560.13
0
0
448.69
0
0
0
0
0
||10/10/2022:::16:36:43||
468.63
228.86
0
844.86
148.92
0
459.23
0
0
53.53
0
0
348.09
26.99
0
366.8
0.0
0
568.24
0
0
455.14
0
0
486.04
0
0
||18/10/2022:::00:44:21||
851.12
44
0
873.9
65
0
468.99
0
0
83.83
0
0
429.62
26.99
0
378.08
0.0
0
558.24
0
0
566.25
0
0
538.34
0
0
||24/10/2022:::22:27:41||
937.48
15.01
0
907.62
65
0
458.99
0
0
82.62
0
0
489.22
26.99
0
415.18
0.0
0
548.24
0
0
570.69
0
0
528.34
0
0
||31/10/2022:::21:36:44||
1051.59
15.01
0
877.62
65
0
448.99
0
0
137.0
0
0
558.78
26.99
0
450.66
0.0
0
543.89
0
0
560.69
0
0
518.34
0
0
||07/11/2022:::23:03:31||
1121.59
15.01
0
982.05
0.0
0
438.99
0
0
113.13
0
0
30.4
0.0
0
707.8
0.0
0
320.97
0
0
550.69
0
0
508.34
0
0
||13/11/2022:::20:05:24||
