500
0
0
500
0
0
500
0
0
500
0
0
500
0
0
500
0
0
500
0
0
500
0
0
500
0
0
500
0
0
||16/11/2022:::21:03:00||
424.9
90.24
0
455.88
0
0
567.5
0
0
589.86
0
0
450.0
0
0
499.17
0
0
428.12
0
0
450.0
0
0
450.0
0
0
450.0
0
0
||03/01/2023:::20:48:49||
436.9
90.24
0
357.38
0
0
510.75
0
0
606.58
0
0
405.0
0
0
504.92
0
0
385.31
0
0
405.0
0
0
405.0
0
0
553.5
0
0
||09/01/2023:::22:06:12||
485.88
101.79
0
263.08
138.0
0
459.67
0
0
613.73
0
0
364.5
0
0
523.97
0
0
421.35
0
0
364.5
0
0
488.03
0
0
498.15
0
0
||15/01/2023:::22:06:40||
501.53
101.79
0
260.71
141.45
0
413.7
0
0
604.53
0
0
368.2
0
0
543.02
0
0
407.59
0
0
328.05
0
0
439.23
0
0
448.34
0
0
||24/01/2023:::04:48:47||
544.93
101.79
0
338.21
148.21
0
372.33
0
0
589.53
0
0
331.38
0
0
523.02
0
0
366.83
0
0
328.05
0
0
395.31
0
0
403.51
0
0
||01/02/2023:::01:09:35||
508.08
101.79
0
350.33
148.21
0
476.57
0
0
613.56
0
0
298.24
0
0
530.41
0
0
330.15
0
0
295.25
0
0
355.78
0
0
363.16
0
0
||07/02/2023:::00:19:56||
523.97
114.82
0
380.5
75.76
0
548.06
0
0
650.27
0
0
324.17
0
0
531.46
0
0
356.57
0
0
265.72
0
0
355.78
0
0
397.75
0
0
||14/02/2023:::00:11:49||
580.22
129.52
0
450.5
83.18
0
493.25
0
0
666.3
0
0
291.75
0
0
549.64
0
0
320.91
0
0
348.09
0
0
320.2
0
0
461.4
0
0
||21/02/2023:::00:41:42||
610.6
129.52
0
483.5
83.18
0
513.38
0
0
740.38
0
0
334.06
0
0
587.74
0
0
288.82
0
0
313.28
0
0
288.18
0
0
415.26
0
0
||28/02/2023:::05:43:59||
735.12
0.0
0
433.5
83.18
0
462.04
0
0
730.38
0
0
358.81
0
0
452.56
265.12
0
324.92
0
0
313.28
0
0
288.18
0
0
373.73
0
0
||07/03/2023:::02:35:55||
430.12
300.0
0
390.15
83.18
0
415.84
0
0
715.48
0
0
322.93
0
0
563.45
265.12
0
292.43
0
0
516.92
0
0
259.36
0
0
336.36
0
0
||20/03/2023:::00:57:11||
417.67
300.0
0
271.33
0.0
0
374.26
0
0
702.57
0
0
290.64
0
0
590.48
265.12
0
263.19
0
0
465.23
0
0
233.42
0
0
302.72
0
0
||03/04/2023:::22:58:29||
